array([[[154, 149, 141],
        [154, 149, 141],
        [152, 145, 143],
        ...,
        [145, 145, 150],
        [146, 145, 150],
        [146, 145, 150]],

       [[154, 149, 141],
        [154, 149, 141],
        [152, 145, 143],
        ...,
        [145, 145, 150],
        [146, 145, 150],
        [146, 145, 150]],

       [[155, 152, 139],
        [155, 152, 139],
        [154, 148, 138],
        ...,
        [147, 149, 148],
        [148, 147, 149],
        [148, 147, 149]],

       ...,

       [[141, 146, 141],
        [141, 146, 141],
        [147, 150, 140],
        ...,
        [149, 148, 142],
        [151, 148, 144],
        [151, 148, 144]],

       [[142, 150, 139],
        [142, 150, 139],
        [145, 149, 136],
        ...,
        [147, 143, 142],
        [150, 146, 143],
        [150, 146, 143]],

       [[142, 150, 139],
        [142, 150, 139],
        [145, 149, 136],
        ...,
        [147, 143, 142],
        [150, 146, 143],
        [150, 146, 143]]], shape=(1088, 1440, 3), dtype=uint8)